100.000000 1051.000000
93.382276 1048.502952
89.460594 1044.304017
85.538913 1030.105081
84.685386 1015.141573
83.857844 1000.175873
83.026510 985.210489
82.191010 970.245453
81.351258 955.280775
80.507166 940.316463
79.658642 925.352528
78.805591 910.388979
77.947917 895.425827
77.085517 880.463083
76.218284 865.500759
75.346109 850.538866
74.468878 835.577417
73.586470 820.616425
72.698762 805.655904
71.805624 790.695869
70.906920 775.736334
70.002510 760.777316
69.092245 745.818831
68.175971 730.860898
67.253527 715.903534
66.324742 700.946759
65.389438 685.990595
64.447429 671.035063
63.498518 656.080186
62.542499 641.125990
61.579154 626.172500
60.608252 611.219744
59.629552 596.267752
58.642796 581.316555
57.647713 566.366188
56.644014 551.416686
55.631394 536.468088
54.609526 521.520436
53.578064 506.573774
52.536636 491.628150
51.484847 476.683617
50.422271 461.740231
49.348453 446.798052
48.262901 431.857148
47.165086 416.917590
46.054434 401.979459
44.930323 387.042841
43.792078 372.107832
42.638960 357.174539
41.470161 342.243078
40.284793 327.313582
39.081875 312.386196
37.860321 297.461086
36.618923 282.538439
35.356327 267.618467
34.071008 252.701413
32.761243 237.787558
31.425061 222.877229
30.060202 207.970809
28.664040 193.068752
27.233501 178.171603
25.764943 163.280024
24.253993 148.394832
22.695318 133.517052
21.082298 118.648001
19.406528 103.789411
17.657054 88.943633
15.819108 74.113986
13.871911 59.305397
11.784501 44.525688
9.506913 29.788512
6.948335 15.121368
3.907950 0.594770
-0.267389 -13.491844
